# EXP-020: offline spin localization output, parsed from the retained EXP-014 perf.data
# (perf.data sha256 d8696652ff69d3e1f2015eba1a41722a70ab9d522d14124f74c72d661bdccbd1)
# Validated against perf itself: 29564 samples, total period 622614418661,
# gompA 30.85% + gompB 9.11% match the EXP-014 symbol report.
buckets: 595 total period: 622614418661
bucket(25ms)   gompA%%  gompB%%  iq2s%%  iq4nl%%  ggmlO%%  other%%   (of bucket total)
  20261883     0.0    0.0    0.0    0.0    0.0  100.0
  20261884     0.0    0.0    0.0    0.0    0.0  100.0
  20261886     0.0    0.0    0.0    0.0    0.0  100.0
  20261887     0.0    1.4   31.5    0.0    0.0   67.1
  20261888     5.8   25.1   59.4    0.0    5.5    4.2
  20261889    19.1   23.1   29.8   25.5    1.2    1.2
  20261890    19.5   11.1   43.6   19.3    4.3    2.2
  20261891     9.6   10.1   33.7   21.2    1.6   22.2
  20261892    37.4   12.3   19.7   24.9    4.9    0.8
  20261893    33.3   23.6   16.7   19.8    6.6    0.0
  20261894    22.2   16.0   31.6   27.7    2.5    0.0
  20261895    60.3    4.8   22.3    5.0    0.0    7.5
  20261896    32.3   19.3   24.7   20.8    1.5    1.5
  20261897    45.6   10.8   13.2   23.9    0.0    6.5
  20261898    35.9    7.2   14.2   30.8    4.8    7.1
  20261899    21.7    5.9   33.6   38.8    0.0    0.0
  20261900    43.2    9.1   16.5   18.4    5.5    5.5
  20261901    17.0    4.3   40.4   34.0    0.0    4.2
  20261902    34.4    1.9   26.3   35.6    0.0    1.9
  20261903    37.6    0.0   33.2   22.4    2.2    4.5
  20261904    22.9   10.4   35.4   22.9    0.0    8.3
  20261905    42.9   14.3   15.9   13.6    4.5    8.7
  20261906    37.8    6.1   18.4   35.1    0.0    2.6
  20261907    28.7   26.4   24.9   16.1    4.0    0.0
  20261908    35.4    5.3   26.9   32.4    0.0    0.0
  20261909    24.5    2.2   42.1   15.6   13.2    2.3
  20261910    26.7    4.1   24.3   40.9    2.0    2.0
  20261911    32.5    5.8   36.8   23.4    0.0    1.5
  20261912    42.9   12.3   20.4   16.3    0.0    8.2
  20261913    30.8    5.8   28.8   30.8    0.0    3.8
  20261914    41.9   15.2   22.7   15.2    2.5    2.5
  20261915    19.4   12.8   40.7   27.1    0.0    0.0
  20261916    35.0    4.1   17.8   38.8    2.2    2.1
  20261917    22.6    6.8   30.5   38.4    0.0    1.6
  20261918    28.6    8.2   30.6   24.5    0.0    6.1
  20261919    27.0   13.4   21.6   33.5    2.2    2.2
  20261920    22.6   22.7   31.8   16.1    2.3    4.5
  20261921    25.9   22.7   11.4   28.6    8.6    2.8
  20261922    28.7    6.0   27.8   35.4    0.1    2.0
  20261923    35.8    4.4   25.6   30.4    2.0    1.9
  20261924    35.0    0.0   29.9   23.4    5.8    5.9
  20261925    37.5    4.2   37.5   18.7    0.0    2.1
  20261926    26.6   16.4   28.5   20.4    6.1    2.0
  20261927    18.4   14.3   30.6   28.6    2.0    6.1
  20261928    31.7    4.2   25.1   34.7    4.3    0.0
  20261929    37.6    8.2   26.7   23.4    2.1    2.1
  20261930    34.6    4.2   22.3   30.8    4.1    4.1
  20261931    26.7    4.5   28.9   31.1    2.2    6.7
  20261932    45.6   11.7   15.6   19.5    5.8    1.9
  20261933    22.2    9.2   20.3   22.2   24.2    1.9
  20261934    34.0    4.0   31.9   20.0    2.0    8.0
  20261935    24.5   12.2   26.5   30.6    4.1    0.0
  20261936    28.1    4.3   39.5   21.6    2.2    4.3
  20261937    30.4   10.2   26.2   23.0    4.1    6.1
  20261938    26.5    6.1   38.9   20.3    4.1    2.0
  20261939    29.8   17.0   23.4   21.4    4.2    4.2
  20261940    19.7   12.5   26.4   37.8    0.0    3.6
  20261941    33.0    5.8   34.5   15.4    5.7    5.7
  20261942    26.1   12.0   24.0   33.9    2.0    2.0
  20261943    34.1    1.9   30.1   26.3    0.0    7.5
  20261944    29.9   10.1   28.0   26.0    4.0    2.0
  20261945    36.6    6.1   36.8   16.4    2.1    2.0
  20261946    33.2    5.8   35.4   17.7    5.9    2.0
  20261947    37.6    7.5   22.6   24.7    1.9    5.7
  20261948    38.0   10.0   28.0   18.0    4.0    2.0
  20261949    28.9    7.7   26.9   28.8    3.9    3.8
  20261950    40.2   13.3   24.3   13.3    4.4    4.4
  20261951    38.5    2.3   24.8   29.8    0.0    4.5
  20261952    35.8    6.2   35.1   16.7    4.2    2.1
  20261953    31.0   14.3   30.9   14.2    0.0    9.6
  20261954    20.6    7.5   31.9   38.1    0.0    1.9
  20261955    31.2    5.4   17.9   41.6    0.0    3.9
  20261956    32.0    2.1   36.1   27.7    0.0    2.1
  20261957    18.6    8.2   27.8   37.2    6.2    2.1
  20261958    35.4    4.8   29.1   23.7    0.0    7.1
  20261959    32.6    1.8   20.0   17.9   20.4    7.2
  20261960    30.2   10.9   31.0   21.3    0.1    6.4
  20261961    35.3    6.5   27.5   26.5    0.0    4.2
  20261962    35.5    4.9   22.2   33.0    4.4    0.0
  20261963    31.1    2.2   35.4   29.1    0.0    2.2
  20261964    32.7    3.8   30.7   23.2    3.8    5.8
  20261965    36.2    4.3   23.4   29.8    4.2    2.1
  20261966    54.3    8.1   11.6   14.6    4.9    6.5
  20261967    25.0    2.5   25.0   45.0    2.5    0.0
  20261968    23.2   24.3   25.3   21.3    1.9    3.9
  20261969    43.1   11.7   25.6   13.7    3.9    2.0
  20261970    33.4   13.4   31.2   19.8    2.2    0.0
  20261971    24.4    3.5   31.1   19.0    1.7   20.3
  20261972    22.4   10.2   30.6   32.7    2.0    2.1
  20261973    35.2    5.8   25.4   25.4    2.0    6.1
  20261974    28.5   11.7   31.4   23.7    2.3    2.3
  20261975    29.6    4.6   29.6   31.7    0.0    4.6
  20261976    28.0    4.6   37.1   23.2    2.3    4.7
  20261977    25.7   16.8   26.0   23.1    0.0    8.5
  20261978    31.4    9.8   29.4   17.7    5.9    5.9
  20261979    35.3    8.3   29.1   27.3    0.0    0.0
  20261980    25.1    3.8   32.6   32.7    1.9    3.9
  20261981    36.7    6.1   28.6   24.5    0.0    4.2
  20261982    28.1    8.0   28.1   31.8    4.0    0.0
  20261983    44.0    6.0   22.1   23.9    2.0    2.0
  20261984    26.7    4.4   37.8   24.4    0.0    6.7
  20261985    29.0    8.0   28.5   24.5    4.0    4.0
  20261986    28.6   11.6   26.3   26.1    3.7    1.9
  20261987    33.2   12.6   27.0   19.0    4.1    4.1
  20261988    28.8   17.7   22.4   20.0    6.7    4.4
  20261989    22.7    7.1   47.3   18.3    2.3    2.3
  20261990    39.0    3.8   35.7   13.4    4.1    4.0
  20261991    25.5   10.9   34.7   23.5    1.8    3.6
  20261992    44.9    9.7   27.7   13.7    2.0    2.0
  20261993    23.6   11.9   26.2   36.2    0.0    2.1
  20261994    21.6   13.3   40.4   20.9    0.0    3.8
  20261995    37.5    3.9   31.2   19.5    3.9    3.9
  20261996    25.9    5.5   44.7   16.6    3.7    1.8
  20261997    25.0   12.6   29.2   16.7    4.2   12.5
  20261998    24.1   29.2   24.1   17.7    1.6    3.2
  20261999    36.7    8.2   28.6   24.5    0.0    2.0
  20262000    24.5   16.3   32.6   22.5    0.0    4.1
  20262001    32.7   15.4   28.9   19.1    1.9    1.9
  20262002    32.7   10.9   30.3   23.9    0.0    2.2
  20262003    39.6    7.5   20.8   24.6    7.6    0.0
  20262004    28.6    6.1   28.6   28.6    6.1    2.0
  20262005    44.9    2.0   30.5   12.2    4.3    6.1
  20262006    32.7    4.1   30.5   28.6    2.0    2.0
  20262007    33.3    8.3   31.3   22.9    0.0    4.2
  20262008    29.5   11.8   33.4   23.4    0.0    2.0
  20262009    33.4    6.3   24.9   31.2    0.0    4.2
  20262010    19.9    6.0   39.9   26.1    4.0    4.1
  20262011    34.0   15.9   20.6   29.4    0.0    0.2
  20262012    31.0   12.3   20.6   29.9    6.2    0.0
  20262013    26.0    9.4   40.4   20.4    1.9    1.9
  20262014    36.5    5.8   30.8   25.0    0.0    1.9
  20262015    25.0   14.6   29.2   25.0    4.2    2.1
  20262016    18.8   12.5   33.3   31.3    0.0    4.2
  20262017    28.2   14.4   22.6   32.6    0.0    2.3
  20262018    23.3   11.6   30.2   27.9    4.7    2.3
  20262019    27.8    6.4   23.6   37.7    4.3    0.1
  20262020    25.9   21.5   30.2   16.1    2.0    4.3
  20262021    32.6    9.2   27.9   25.6    0.0    4.6
  20262022    24.3    6.8   20.5   38.3    5.1    5.1
  20262023    28.4   12.3   30.7   26.5    0.0    2.1
  20262024    34.0    6.0   24.1   29.9    4.0    2.0
  20262025    25.5    4.2   40.4   25.6    4.3    0.0
  20262026    32.4    8.5   35.1   18.8    3.4    1.7
  20262027    27.1   10.4   29.2   29.1    0.0    4.2
  20262028    30.6    8.2   28.6   30.6    0.0    2.0
  20262029    30.6    5.8   28.9   25.1    1.9    7.7
  20262030    37.3    5.9   27.4   17.6    3.9    7.8
  20262031    29.2   10.4   29.2   29.1    2.1    0.0
  20262032    33.4   11.2   31.2   21.9    0.0    2.3
  20262033    31.0   12.0   28.7   23.5    4.8    0.0
  20262034    21.8   17.9   25.8   23.8    0.0   10.8
  20262035    34.6    8.8   24.0   32.6    0.0    0.0
  20262036    21.6   15.6   37.5   19.4    1.9    3.9
  20262037    25.5   25.5   19.2   25.5    0.0    4.3
  20262038    37.9    5.0   28.5   23.5    1.7    3.4
  20262039    22.5   12.3   30.6   34.7    0.0    0.0
  20262040    43.8   10.4   14.6   25.0    0.0    6.2
  20262041    25.0   10.4   27.1   31.2    4.2    2.1
  20262042    42.0    6.0   20.0   30.0    0.0    2.0
  20262043    27.4   13.7   27.5   27.4    0.0    1.9
  20262044    49.1   15.6   11.2   20.0    0.0    4.2
  20262045    23.0   36.9   15.3   19.1    0.0    5.7
  20262046    33.5   11.5   33.4   15.7    0.0    3.9
  20262047    36.0   10.0   14.0   30.1    5.9    4.0
  20262048    31.2   12.5   31.2   20.8    2.1    2.1
  20262049    28.9   11.3   31.0   24.4    0.0    2.2
  20262050    21.2   12.8   25.8   36.0    2.1    2.1
  20262051    40.9    9.1   29.5   20.5    0.0    0.0
  20262052    37.8    6.7   28.9   22.1    2.2    2.2
  20262053    33.6    3.4   44.5   16.8    1.7    0.0
  20262054    31.8    0.0   25.5   34.1    2.2    6.3
  20262055    31.3    8.3   33.3   20.8    4.2    2.1
  20262056    48.2    7.7   28.8   15.4    0.0    0.0
  20262057    33.3    0.0   30.3   28.4    2.0    6.0
  20262058    36.1    4.0   37.9   20.1    0.0    2.0
  20262059    23.9    8.7   26.1   28.2    6.5    4.3
  20262060    28.3    6.5   28.3   28.2    2.2    6.5
  20262061    29.8    9.3   20.4   34.9    0.0    5.5
  20262062    25.0    6.8   34.1   25.0    4.6    4.5
  20262063    28.1    7.1   33.1   24.6    1.8    5.2
  20262064    36.5    7.7   34.6   15.4    1.9    3.9
  20262065    34.6   10.2   28.5   22.5    0.0    4.1
  20262066    37.0    4.1   36.5   16.3    4.1    2.0
  20262067    15.6   11.1   35.6   28.8    4.4    2.2
  20262068    14.3   21.3   16.7   43.0    2.4    2.4
  20262069    29.0    9.0   18.1   14.4   25.8    3.6
  20262070    43.2    8.9   31.8   11.6    4.6    0.0
  20262071    47.0    6.9   17.5   22.3    1.8    4.5
  20262072    22.9   10.5   33.3   29.0    0.0    4.3
  20262073    33.5   13.8   27.3   19.5    5.9    0.0
  20262074    32.6   15.2   34.8   10.9    6.5    0.0
  20262075    40.9    3.5   31.4   19.0    3.5    1.7
  20262076    23.0    8.4   25.1   31.2    8.2    4.2
  20262077    30.6   10.2   32.6   24.5    2.1    0.0
  20262078    23.5    7.8   31.5   31.3    2.0    3.9
  20262079    25.4    3.3   33.2   30.4    0.0    7.7
  20262080    31.3    8.5   28.5   23.2    2.9    5.7
  20262081    37.7    6.4   30.2   19.3    0.0    6.4
  20262082    37.4    9.0   34.1   19.5    0.0    0.0
  20262083    18.8    8.6   25.5   43.8    3.4    0.0
  20262084    36.0    8.0   24.0   24.0    6.0    2.1
  20262085    30.6   10.2   24.5   26.5    2.0    6.1
  20262086    24.5   20.3   26.6   28.6    0.0    0.0
  20262087    20.8   23.1   28.8   19.8    1.9    5.6
  20262088    30.0   14.0   30.0   22.0    2.0    2.0
  20262089    41.2    2.1   30.4   23.9    2.4    0.0
  20262090    29.6    4.5   40.9   22.7    0.0    2.3
  20262091    35.0    5.3   24.6   14.0    1.8   19.3
  20262092    29.7    6.4   27.6   27.5    4.3    4.5
  20262093    33.6    6.2   31.2   26.9    2.1    0.0
  20262094    18.8    3.8   49.1   24.6    1.9    1.9
  20262095    35.5    7.1   23.8   24.1    4.8    4.8
  20262096    23.8   12.7   25.4   34.5    1.8    1.8
  20262097    41.9    9.3   18.6   23.2    0.0    7.0
  20262098    41.3    5.1   28.4   16.9    6.7    1.7
  20262099    29.4    0.0   35.3   29.4    3.9    2.0
  20262100    36.0   12.0   30.0   18.0    2.0    2.0
  20262101    33.3    8.0   37.2   21.5    0.0    0.0
  20262102    41.5    2.1   31.3   20.9    2.1    2.1
  20262103    18.3   14.3   32.7   22.4    8.1    4.1
  20262104    48.2    6.2   16.6   18.6    8.3    2.1
  20262105    26.0    2.0   32.0   34.0    4.0    0.0
  20262106    32.3   13.6   23.1   17.5    3.8    9.7
  20262107    26.8   22.0   24.7   12.2    8.1    4.1
  20262108    42.0    2.0   31.9   12.0    8.0    4.0
  20262109    32.0    2.0   28.0   29.9    2.0    6.0
  20262110    35.4   20.9   25.0   14.6    0.0    4.2
  20262111    37.4    4.2   33.3   16.8    0.0    8.3
  20262112    28.5    4.1   26.7   36.7    0.0    4.1
  20262113    35.8    5.9   17.5   33.1    3.8    3.9
  20262114    22.7    6.1   37.6   27.5    4.1    2.1
  20262115    36.1   12.0   26.0   17.9    2.0    6.0
  20262116    35.7   12.8   31.5   20.0    0.0    0.0
  20262117    32.7   10.0   22.6   30.6    2.1    2.0
  20262118    28.5   12.3   22.4   32.7    0.0    4.1
  20262119    27.9   12.0   32.0   26.0    0.0    2.0
  20262120    35.9    4.0   30.1   23.9    2.0    4.0
  20262121    28.0    6.0   32.0   24.0    0.0    8.0
  20262122    34.7   12.2   30.7   20.4    0.0    2.0
  20262123    22.0   18.0   33.9   20.0    0.0    6.0
  20262124    42.0   11.9   21.9   20.0    4.0    0.1
  20262125    29.8    6.4   34.0   23.4    2.1    4.3
  20262126    37.7   15.6   20.0   13.3    2.2   11.1
  20262127     6.6    6.6   50.6   28.0    0.0    8.3
  20262128    26.0    4.0   40.0   28.0    2.0    0.0
  20262129    36.0    4.0   30.0   26.0    4.0    0.0
  20262130    25.5   11.8   33.4   25.4    0.0    3.9
  20262131    26.6   10.2   28.6   28.5    4.0    0.0
  20262132    24.9   10.5   33.4   27.1    2.1    2.1
  20262133    30.5    6.5   17.4   39.1    6.5    0.0
  20262134    26.9    9.6   32.6   29.0    0.0    1.9
  20262135    49.0    8.2   24.5   14.2    0.0    4.1
  20262136    32.0    2.0   36.0   25.9    0.0    4.0
  20262137    31.4    7.9   21.6   29.3    3.9    3.9
  20262138    25.3    6.3   29.0   26.9    6.3    6.2
  20262139    14.6    4.2   33.3   39.6    2.1    6.2
  20262140    38.1   10.0   21.9   20.0    2.0    7.9
  20262141    46.2    7.7   21.2   23.0    0.0    1.9
  20262142    42.1    3.9   24.0   20.0    4.0    6.0
  20262143    22.2   14.0   29.8   30.0    4.0    0.0
  20262144    41.7    8.8   21.3   19.4    1.8    7.0
  20262145    31.2    2.1   50.0   16.7    0.0    0.0
  20262146    16.4   12.2   30.7   36.6    0.0    4.1
  20262147    26.6   10.1   34.8   18.3    8.2    2.1
  20262148    40.9    6.2   20.5   28.4    4.1    0.0
  20262149    41.2    5.0   15.9   25.9    8.0    4.0
  20262150    24.8    5.7   33.2   30.6    3.8    1.9
  20262151    33.2   10.4   31.2   20.8    0.0    4.3
  20262152    40.8    4.1   30.5   18.4    4.1    2.0
  20262153    22.9   16.7   29.2   27.1    2.1    2.1
  20262154    38.0    6.0   25.8   22.0    4.0    4.2
  20262155    26.0    6.0   29.9   28.0    2.0    8.0
  20262156    33.5    2.0   23.5   33.2    5.9    2.0
  20262157    25.0   17.3   32.7   21.2    0.0    3.8
  20262158    33.3   12.5   20.8   22.9    6.3    4.2
  20262159    27.1    8.3   25.0   27.1    6.3    6.2
  20262160    27.1   10.4   29.2   27.1    2.1    4.2
  20262161    30.8    5.8   26.9   30.8    3.9    1.9
  20262162    24.0    6.0   32.0   32.0    2.0    2.0
  20262163    39.0    8.1   30.6   18.3    0.0    4.1
  20262164    34.0   11.4   27.3   22.8    0.0    4.6
  20262165    30.4    5.3   39.5   17.8    1.8    5.3
  20262166    29.1    2.1   45.9   16.6    2.1    4.2
  20262167    18.5   10.2   24.5   36.6    4.1    4.1
  20262168    38.8   10.1   22.5   24.5    0.0    4.1
  20262169    34.0    9.9   30.0   16.2    4.0    5.9
  20262170    29.8    4.3   29.8   29.7    2.1    4.3
  20262171    30.3    0.0   29.6   30.0    0.0   10.1
  20262172    38.7   11.4   18.1   18.1    4.5    9.1
  20262173    44.9    5.5   29.4   16.5    0.0    3.7
  20262174    40.0    2.0   18.0   36.0    0.0    4.0
  20262175    28.3    7.6   28.3   30.2    1.9    3.8
  20262176    42.9   12.3   16.3   22.4    2.0    4.1
  20262177    25.4   17.6   47.1    9.8    0.0    0.0
  20262178    29.2   12.5   25.0   29.1    0.0    4.2
  20262179    37.4    8.4   25.0   20.9    4.1    4.2
  20262180    34.7    8.1   30.7   22.4    0.0    4.1
  20262181    32.7    8.2   22.5   28.6    2.0    6.1
  20262182    28.9    5.8   33.9   25.6    0.0    3.9
  20262183    28.2    8.8   28.1   28.4    2.2    4.3
  20262184    27.0    8.4   29.2   31.3    0.0    4.1
  20262185    33.2   10.6   16.7   29.0    4.2    6.3
  20262186    24.8   10.5   33.4   31.3    0.0    0.0
  20262187    30.0   12.2   30.1   19.8    5.8    2.0
  20262188    22.9   18.5   20.8   33.5    4.2    0.1
  20262189    25.4    7.9   37.3   23.5    0.0    5.9
  20262190    36.0   14.0   20.0   22.1    4.0    4.0
  20262191    23.9    8.0   32.1   30.8    5.3    0.0
  20262192    32.7    8.4   23.2   27.2    4.2    4.2
  20262193    40.4    7.6   35.1   11.3    3.7    1.9
  20262194    34.1    7.7   21.2   29.5    3.6    3.9
  20262195    34.9    2.0   34.6   24.4    2.0    2.0
  20262196    29.7    8.5   31.9   23.6    2.1    4.2
  20262197    25.0   14.6   25.0   27.1    4.2    4.2
  20262198    20.0   11.1   33.4   26.6    0.0    8.9
  20262199    46.8    3.3   26.6   18.3    3.3    1.7
  20262200    31.9   17.0   25.5   23.4    0.0    2.1
  20262201    21.6   19.3   35.3   19.1    0.0    4.8
  20262202    31.5    5.4   27.4   28.5    1.8    5.4
  20262203    30.1    9.9   34.0   18.0    4.0    4.0
  20262204    31.9    2.0   32.1   24.0    2.0    6.0
  20262205    24.0   10.0   33.9   26.0    2.0    4.0
  20262206    27.1    2.1   33.3   27.1    4.2    6.2
  20262207    27.1    8.3   29.1   22.9    8.3    4.2
  20262208    35.4    6.2   29.2   18.8    0.0   10.4
  20262209    37.7    3.8   30.2   20.8    3.8    3.8
  20262210    24.7   12.3   28.4   22.3    6.1    6.2
  20262211    43.2    4.5   29.5   15.9    4.5    2.3
  20262212    37.9    5.7   20.7   32.0    1.9    1.9
  20262213    37.4    3.9   33.6   13.4    7.9    3.9
  20262214    33.3    6.3   22.9   22.9    6.3    8.4
  20262215    34.0    8.0   30.0   24.0    4.0    0.0
  20262216    22.4    8.2   32.7   32.6    2.0    2.0
  20262217    40.5    7.6   25.0   21.1    0.0    5.8
  20262218    36.8   14.3   24.5   16.3    0.0    6.1
  20262219    31.9    5.9   34.1   22.1    0.0    6.0
  20262220    26.4   11.0   22.0   24.2    7.7    8.7
  20262221    19.7   11.7   37.2   25.4    1.9    4.1
  20262222    36.0   12.2   30.0   19.8    0.0    2.0
  20262223    30.6    8.2   32.6   24.6    2.0    2.1
  20262224    31.5    5.9   23.5   27.5    7.7    3.9
  20262225    27.0   10.4   33.4   29.2    0.0    0.0
  20262226    33.8    9.8   25.3   23.4    2.0    5.9
  20262227    26.7    4.1   35.4   23.6    2.1    8.2
  20262228    26.0   10.0   30.0   28.0    2.0    4.0
  20262229    33.3    2.1   25.0   29.2    4.2    6.3
  20262230    15.7    3.9   45.0   33.3    2.1    0.0
  20262231    41.2    7.8   19.6   23.6    5.9    2.0
  20262232    34.0   14.0   20.0   26.0    4.0    2.0
  20262233    24.0    8.0   38.0   26.0    2.0    2.0
  20262234    40.8    2.0   28.5   26.5    0.0    2.0
  20262235    25.0    2.1   31.2   35.5    2.1    4.2
  20262236    26.5    8.2   30.6   26.5    6.1    2.0
  20262237    23.6    3.9   41.1   31.4    0.0    0.0
  20262238    21.4    2.2   36.1   29.7    2.1    8.5
  20262239    44.8    9.8   25.9   13.7    3.9    2.0
  20262240    36.6    7.5   25.7   19.3    2.2    8.6
  20262241    30.8    6.5   38.5   19.4    1.6    3.2
  20262242    33.3    8.3   31.3   20.8    2.1    4.2
  20262243    28.0   10.0   36.0   24.0    2.0    0.0
  20262244    22.0    8.0   36.0   28.0    4.0    2.0
  20262245    36.0    4.0   38.0    8.0    6.0    8.0
  20262246    27.1    8.3   35.4   27.1    0.0    2.1
  20262247    36.5    5.8   28.9   23.0    0.0    5.8
  20262248    30.0   10.0   34.0   22.0    2.0    2.0
  20262249    23.9   15.4   28.2   23.9    2.2    4.3
  20262250    23.8   20.0   30.1   21.8    0.0    4.4
  20262251    38.6   14.4   22.5   20.5    0.0    4.1
  20262252    32.9    4.7   29.9   23.2    7.0    2.3
  20262253    22.9    6.2   31.4   27.0    8.4    2.1
  20262254    30.5   14.3   32.6   12.4    6.1    4.1
  20262255    24.4   11.0   42.5   13.2    2.2    6.6
  20262256    39.0    7.8   27.3   16.1    3.9    5.9
  20262257    44.7   12.2   18.6   20.4    2.0    2.0
  20262258    38.4    5.8   28.9   13.4    3.9    9.6
  20262259    24.5   14.3   30.6   28.5    0.0    2.0
  20262260    27.4    5.9   27.5   33.3    1.9    3.9
  20262261    25.5   12.8   31.9   21.3    4.2    4.3
  20262262    16.3   10.2   40.8   26.5    4.1    2.0
  20262263    37.9    6.0   24.0   28.1    4.0    0.0
  20262264    22.5   12.3   38.8   20.4    0.0    6.1
  20262265    31.4    2.0   35.3   27.4    2.0    2.0
  20262266    24.5   10.2   30.6   28.6    2.0    4.1
  20262267    19.7    3.9   33.3   33.3    3.9    5.9
  20262268    38.8   10.2   24.5   22.4    0.0    4.1
  20262269    37.2    7.9   25.6   25.4    0.0    3.9
  20262270    23.4    8.5   36.1   25.6    2.1    4.3
  20262271    36.6   10.6   31.7   17.6    0.0    3.5
  20262272    29.5    2.0   25.5   35.2    2.0    5.9
  20262273    30.6    2.0   30.6   32.7    0.0    4.1
  20262274    42.9   16.4   20.3   16.4    2.1    2.1
  20262275    32.6   13.0   26.2   26.0    0.0    2.2
  20262276    22.6    0.0   29.5   44.4    3.5    0.0
  20262277    38.7    4.1   22.5   24.4    6.2    4.1
  20262278    25.0   12.5   33.3   25.0    0.0    2.1
  20262279    40.6    8.1   22.8   24.4    0.0    4.1
  20262280    32.0    4.0   32.0   28.0    2.0    2.0
  20262281    25.0    1.9   25.0   32.6    9.6    5.8
  20262282    32.0    4.0   28.0   30.0    0.0    6.0
  20262283    33.3    4.2   29.2   24.9    4.2    4.2
  20262284    22.5   10.2   32.5   32.7    0.0    2.0
  20262285    31.5    0.0   47.2   17.0    2.1    2.1
  20262286    39.3    4.4   32.5   17.4    4.3    2.2
  20262287    20.2   14.7   33.7   25.8    1.8    3.7
  20262288    42.1   10.0   30.0   12.0    2.0    4.0
  20262289    21.9   13.0   41.2   21.7    2.2    0.0
  20262290    30.4    7.5   31.9   18.8    1.9    9.5
  20262291    22.3   14.3   32.7   24.5    2.0    4.1
  20262292    30.0    6.0   22.0   42.0    0.0    0.0
  20262293    30.0   10.0   23.9   26.0    2.0    6.0
  20262294    31.2    6.2   31.4   25.0    0.0    6.2
  20262295    36.6    0.0   26.9   28.8    7.7    0.0
  20262296    31.1    8.4   33.2   23.2    0.0    4.2
  20262297    33.3   11.9   33.2   21.5    0.0    0.0
  20262298    16.5    8.3   50.4   18.6    2.1    4.2
  20262299    24.7    5.3   17.7   44.9    5.6    1.8
  20262300    28.9    7.7   26.9   32.7    1.9    1.9
  20262301    25.0    8.3   33.3   29.2    2.1    2.1
  20262302    41.2    7.8   23.5   15.7    3.9    7.9
  20262303    31.2    6.3   31.2   25.0    0.0    6.3
  20262304    26.5    4.1   36.7   32.7    0.0    0.0
  20262305    27.5    5.9   31.4   29.4    2.0    3.9
  20262306    27.5    2.0   33.3   31.4    2.0    3.9
  20262307    26.0   16.0   34.0   22.0    0.0    2.0
  20262308    10.2   12.2   18.4   48.9    2.1    8.2
  20262309    32.7    6.1   28.6   20.4    4.1    8.2
  20262310    33.2   12.5   25.1   27.1    0.0    2.1
  20262311    39.3   11.7   19.6   21.6    2.0    5.9
  20262312    16.0    7.9   42.1   28.0    4.0    0.0
  20262313    31.4    4.2   31.2   24.9    2.1    6.3
  20262314    21.3    6.4   36.2   27.6    4.3    4.2
  20262315    25.0   15.3   30.8   25.0    0.0    1.9
  20262316    33.3    7.9   35.3   13.7    5.9    3.9
  20262317    27.1    4.2   39.6   27.1    0.0    2.1
  20262318    38.0    4.0   24.0   26.0    6.0    2.0
  20262319    26.0   14.0   20.0   34.0    2.0    4.0
  20262320    32.6   12.2   28.6   22.5    2.0    2.0
  20262321    33.2    7.8   25.4   29.7    0.0    3.9
  20262322    35.9   15.0   25.6   17.1    2.1    4.3
  20262323    29.8    6.8   27.3   27.0    4.6    4.6
  20262324    29.2    3.8   35.8   25.4    0.0    5.8
  20262325    35.0   12.1   24.6   24.3    0.0    4.0
  20262326    24.4    4.1   53.2   16.3    0.0    2.0
  20262327    34.7    4.3   17.4   32.7    2.2    8.7
  20262328    41.2    9.5   26.6   17.0    3.8    1.9
  20262329    42.1   14.0   16.1   25.9    2.0    0.0
  20262330    14.1   10.0   35.9   30.0    8.0    2.0
  20262331    41.7    8.4   27.0   16.6    2.0    4.2
  20262332    27.5   11.8   27.5   29.3    2.0    0.0
  20262333    51.1   10.2   18.3   14.2    2.0    4.1
  20262334    36.0    6.0   28.0   22.0    2.0    5.9
  20262335    31.3    3.9   31.3   21.6    3.9    7.9
  20262336    19.1   12.7   36.0   32.2    0.0    0.0
  20262337    14.8   14.9   38.4   21.2    4.2    6.4
  20262338    26.7    4.5   22.2   39.9    2.2    4.5
  20262339    28.1    3.8   43.8   20.6    0.0    3.7
  20262340    36.8    2.2   32.6   26.2    0.0    2.2
  20262341    29.7    8.5   27.7   27.6    4.2    2.2
  20262342    37.0   21.7   26.2   13.0    2.2    0.0
  20262343    27.3   13.7   17.2   35.0    0.0    6.8
  20262344    33.3   13.8   27.4   23.5    0.0    2.0
  20262345    28.0   10.0   30.0   28.0    0.0    4.0
  20262346    38.8    8.1   26.6   18.3    6.2    2.0
  20262347    23.5   13.8   31.4   25.4    2.0    3.9
  20262348    26.5   10.2   28.5   30.6    2.1    2.0
  20262349    30.6    4.1   30.6   24.5    6.1    4.1
  20262350    24.6   14.3   16.4   40.7    0.0    4.1
  20262351    35.2   13.7   19.7   23.5    3.9    3.9
  20262352    30.4   16.4   18.4   32.7    0.0    0.0
  20262353    38.7    8.2   14.3   32.7    0.0    4.1
  20262354    30.5    6.3   32.4   30.8    0.0    0.0
  20262355    35.3    9.8   33.2   15.7    0.0    5.9
  20262356    57.0    4.1   24.6   10.3    2.0    2.1
  20262357    58.3    4.2   14.6   18.8    2.1    2.1
  20262358    40.0    4.0   34.0   16.0    0.0    4.0
  20262359    37.2   11.8   23.5   17.7    1.9    7.8
  20262360    24.6   10.1   36.7   18.4   10.2    0.0
  20262361    23.6    9.8   43.2   17.5    2.0    3.9
  20262362    47.9    6.0   12.0   24.0    6.0    2.0
  20262363    20.4   14.4   38.7   24.6    2.0    0.0
  20262364    32.1    8.1   24.0   21.9    5.9    8.0
  20262365    18.1   14.1   30.0   32.0    5.9    0.0
  20262366    32.6   10.0   26.6   26.7    2.1    2.1
  20262367    29.0   12.5   41.8   14.6    2.1    0.0
  20262368    30.0    7.9   23.9   30.1    4.0    4.0
  20262369    33.3   15.7   25.5   25.4    0.0    0.0
  20262370    32.5   10.2   31.1   20.2    0.0    4.0
  20262371    31.9   12.0   32.1   16.1    1.9    6.0
  20262372    25.0   14.6   31.2   27.1    0.0    2.1
  20262373    34.6    8.2   24.5   26.5    2.0    4.1
  20262374    31.4    9.8   37.3   13.7    5.9    2.0
  20262375    31.4   11.7   31.5   11.8    5.8    7.8
  20262376    22.7   14.5   26.9   33.8    2.1    0.0
  20262377    21.9   12.0   44.3   17.9    4.0    0.0
  20262378    37.7    2.1   29.1   27.1    2.0    2.1
  20262379    32.1   10.5   16.4   32.8    0.0    8.1
  20262380    28.0    6.0   40.0   22.0    2.0    2.0
  20262381    29.9    8.0   30.1   26.0    0.0    6.0
  20262382    26.5   12.2   14.3   30.7    8.1    8.1
  20262383    21.5   11.8   35.2   25.6    2.0    3.9
  20262384    24.9   10.4   43.9   16.7    4.2    0.0
  20262385    55.9    6.0   18.1   20.1    0.0    0.0
  20262386    24.1   14.0   37.9   20.0    0.0    4.0
  20262387    38.8   14.4   26.6   12.2    6.0    2.0
  20262388    23.5    9.7   21.7   39.2    0.0    5.8
  20262389    38.5   12.3   22.6   18.4    2.0    6.1
  20262390    36.0    9.9   30.1   14.0    4.0    6.0
  20262391    24.5   14.3   26.5   28.6    2.0    4.1
  20262392    38.0   14.0   22.0   18.0    2.0    6.0
  20262393    35.3   11.8   31.4   19.6    0.0    2.0
  20262394    22.1    7.9   42.1   19.9    2.0    6.0
  20262395    37.4   12.5   25.1   18.7    2.1    4.2
  20262396    27.5    9.8   33.3   25.5    2.0    2.0
  20262397    27.1    0.0   33.3   31.3    6.3    2.1
  20262398    32.7    1.9   40.4   21.1    0.0    3.8
  20262399    33.2    4.1   24.9   31.6    2.1    4.1
  20262400    25.3    9.9   35.5   23.5    1.9    3.9
  20262401    39.9   13.3   22.2   20.2    0.0    4.4
  20262402    20.4    0.0   42.9   34.6    0.0    2.0
  20262403    33.3    5.9   31.4   19.6    5.9    3.9
  20262404    38.8    4.1   24.5   26.6    0.0    6.0
  20262405    17.3   17.4   32.8   21.6    2.2    6.5
  20262406    32.5    4.4   35.0   25.9    0.0    2.2
  20262407    24.9    8.3   37.4   24.9    2.1    2.3
  20262408    37.4   16.5   23.8   16.2    4.1    2.0
  20262409    26.3    7.5   38.5   25.8    0.0    2.0
  20262410    34.3    0.0   29.7   19.0    2.1   14.8
  20262411    20.5    6.8   38.7   31.8    2.3    0.0
  20262412    30.9    5.4   34.8   21.6    5.4    0.0
  20262413    22.9   13.0   22.6   28.3    7.5    5.7
  20262414    41.8    4.7   30.1   21.1    2.3    0.0
  20262415    28.7   13.2   42.7   13.2    2.2    0.0
  20262416    36.0    9.8   24.6   27.3    2.4    0.0
  20262417    27.4   10.5   29.9   25.8    6.3    0.0
  20262418    34.9    2.4   35.2   27.5    0.0    0.0
  20262419    28.5    1.9   20.5   23.0    4.7   21.4
  20262420    38.0    6.0   28.0   22.0    0.0    6.0
  20262421    28.5   14.3   30.6   20.4    2.0    4.1
  20262422    32.5    4.3   37.1   21.7    0.0    4.3
  20262423    31.2    4.4   40.0   17.7    2.2    4.4
  20262424    24.1    7.9   22.0   31.9    0.0   14.2
  20262425    25.7   19.1   27.7   19.1    6.3    2.1
  20262426    26.8   11.4   33.2   24.8    0.0    3.8
  20262427    21.4   19.2   25.5   27.6    2.1    4.3
  20262428    43.7    0.0   16.7   33.3    4.2    2.1
  20262429    29.2   10.4   31.3   25.0    0.0    4.2
  20262430    29.6    9.1   34.0   20.5    4.6    2.3
  20262431    38.6    3.7   27.9   22.3    1.9    5.6
  20262432    26.7    9.3   34.3   22.3    1.9    5.5
  20262433    28.9   18.8   29.3   18.8    0.0    4.2
  20262434    33.6   16.1   26.1   20.1    0.0    4.0
  20262435    34.2   11.2   24.7   14.8    1.9   13.2
  20262436    25.9   14.0   34.1   22.1    2.0    2.0
  20262437    34.7   10.1   22.5   30.7    0.0    2.0
  20262438    30.9   19.1   23.1   19.3    1.9    3.7
  20262439    38.8    2.1   24.5   28.5    2.0    4.1
  20262440    21.9    6.0   32.1   32.1    2.0    6.0
  20262441    27.5    7.8   27.4   31.4    0.0    5.9
  20262442    20.9    4.2   41.5   25.0    2.1    6.3
  20262443    27.2   12.6   33.2   23.0    2.1    2.0
  20262444    33.4    5.9   21.7   31.2    5.9    2.0
  20262445    21.2   13.5   32.7   24.9    0.0    5.8
  20262446    28.6   10.2   26.6   30.7    0.0    3.9
  20262447    29.3   12.4   33.3   20.8    4.2    0.0
  20262448    32.0   14.0   22.0   30.1    0.0    2.0
  20262449    32.0   12.0   26.0   22.1    4.0    4.0
  20262450    26.4   20.5   24.5   22.4    0.0    6.1
  20262451    41.8    8.4   18.6   22.9    6.2    2.1
  20262452    31.9    6.0   24.1   33.9    2.0    2.1
  20262453    29.3    7.9   27.4   25.6    0.0    9.8
  20262454    25.1   12.4   33.3   25.1    2.0    2.1
  20262455    34.7   15.4   23.0   19.2    0.0    5.8
  20262456    31.3    2.1   37.3   23.0    4.2    2.1
  20262457    22.1   21.9   22.0   26.0    4.0    4.0
  20262458    30.3   16.4   24.6   20.5    4.1    4.1
  20262459    28.7   20.5   38.9    9.8    0.0    2.0
  20262460    33.4    4.2   39.7   16.5    0.0    6.3
  20262461    35.2   16.1   23.5   19.7    3.6    1.8
  20262462    30.7    6.1   28.4   28.7    2.0    4.0
  20262463    30.5    6.2   34.8   24.5    2.0    2.0
  20262464    10.2   14.3   44.9   24.4    4.1    2.0
  20262465    26.5   10.1   38.8   16.5    8.1    0.0
  20262466    28.5   10.1   38.9   20.4    0.0    2.1
  20262467    27.8   26.1   22.0   20.1    0.0    4.0
  20262468    34.7   10.2   20.3   26.6    8.2    0.0
  20262469    40.3    8.6   23.3   27.9    0.0    0.0
  20262470    28.3   13.0   39.2   19.4    0.0    0.0
  20262471    19.5   12.4   45.1   14.2    3.4    5.3
  20262472    28.6   10.3   26.4   32.7    2.1    0.0
  20262473    38.0    8.1   27.8   24.0    0.0    2.1
  20262474    26.0    6.0   28.0   32.0    2.0    6.0
  20262475    38.9    6.2   20.4   18.4    8.2    6.1
  20262476    17.7    7.9   31.4   41.1    0.0    1.9
  20262477    29.9   10.0   32.1   14.1    4.0   10.0
  20262478    82.3    0.0    8.5    9.2    0.0    0.0
--- gompA stacks: first-ggml-frame / first-gomp-frame histogram (top 10)
    30.85%  ('-', 'gomp+23b39')
